0.452132
0.946135
0.933134
0.77337
0.32664
0.522996
0.833033
0.375103
0.785699
0.214423
0.0595111
0.413678
0.997925
0.817194
0.241951
0.537614
0.710624
0.239143
0.728019
0.233619
0.445662
0.788354
0.446699
0.799799
0.0326243
0.784906
0.612812
0.56447
0.366771
0.658315
0.0533464
0.745384
0.235542
0.19834
0.996185
0.360118
0.83404
0.306131
0.924863
0.497787
0.0227058
0.393475
0.0458998
0.335856
0.798486
0.112918
0.663381
0.358654
0.916593
0.093234
0.760949
0.262612
0.981842
0.709464
0.140507
0.0350047
0.686239
0.697653
0.458235
0.923215
0.136692
0.721091
0.307657
0.938963
0.99292
0.576556
0.322031
0.523179
0.877712
0.859493
0.814478
0.027192
0.518418
0.0358287
0.790613
0.233161
0.361034
0.252754
0.997986
0.0926847
0.944639
0.524766
0.250099
0.127781
0.104282
0.403882
0.645589
0.773125
0.63567
0.852229
0.51973
0.518113
0.57796
0.432234
0.0686972
0.158238
0.502884
0.529801
0.261483
0.571154
0.188086
0.569384
0.911954
0.447371
0.843104
0.593982
0.390515
0.778954
0.910703
0.628163
0.152959
0.943937
0.524033
0.628193
0.178838
0.0798059
0.484451
0.116184
0.972777
0.348796
0.939787
0.24134
0.119938
0.376141
0.208197
0.223121
0.699301
0.595874
0.644887
0.471511
0.871639
0.23838
0.689108
0.870907
0.294412
0.9859
0.340159
0.301889
0.0902432
0.190649
0.197485
0.763298
0.385205
0.922025
0.37492
0.500595
0.517991
0.379742
0.746483
0.911222
0.150243
0.665883
0.218848
0.0713218
0.13712
0.241737
0.348155
0.93289
0.612384
0.684072
0.723319
0.852138
0.817408
0.900357
0.569628
0.573962
0.979583
0.131779
0.372326
0.118656
0.309305
0.142552
0.340251
0.349651
0.945555
0.47499
0.2996
0.388348
0.134739
0.312387
0.426191
0.0762658
0.958983
0.949705
0.650868
0.645589
0.760582
0.744804
0.163274
0.806421
0.464614
0.00796533
0.865688
0.436415
0.389386
0.700491
0.21836
0.671896
0.849361
0.006592
0.524064
0.870205
0.0614338
0.428663
0.623432
0.67275
0.151311
0.761467
0.907529
0.714347
0.286416
0.374187
0.958922
0.480605
0.0507218
0.221686
0.655202
0.658254
0.498093
0.193457
0.402387
0.44084
0.892209
0.535966
0.897946
0.856838
0.339396
0.367504
0.276009
0.909909
0.84579
0.092288
0.976348
0.0209967
0.882534
0.782495
0.352245
0.913266
0.829554
0.226691
0.760857
0.34608
0.182012
0.466628
0.160619
0.530656
0.900021
0.112278
0.488937
0.55858
0.108005
0.15775
0.00372326
0.0178838
0.810968
0.607868
0.876736
0.824
0.0256661
0.280404
0.11832
0.0557573
0.122471
0.591815
0.692648
0.95584
0.531144
0.367656
0.319926
0.846278
0.784356
0.306497
0.364422
0.11301
0.595904
0.330912
0.179296
0.0228889
0.633564
0.957762
0.228919
0.32371
0.787713
0.53209
0.345347
0.0104984
0.212043
0.845698
0.0783715
0.844722
0.624928
0.542467
0.106296
0.0180975
0.887814
0.642293
0.694571
0.867367
0.505295
0.915159
0.727134
0.885433
0.146123
0.867183
0.846797
0.0225532
0.444716
0.129734
0.442274
0.751854
0.863124
0.264199
0.113071
0.165777
0.371258
0.475814
0.500992
0.383862
0.664846
0.0113834
0.687918
0.916105
0.695334
0.220405
0.257668
0.208533
0.378155
0.796075
0.842524
0.871181
0.444014
0.313669
0.297678
0.352794
0.598682
0.388867
0.130833
0.0856349
0.390728
0.740898
0.511521
0.0233772
0.138279
0.478744
0.383465
0.0187689
0.367443
0.167241
0.393048
0.255562
0.809503
0.021424
0.65273
0.645619
0.987884
0.604205
0.117618
0.718711
0.83816
0.45323
0.580584
0.819971
0.613025
0.497543
0.477432
0.869839
0.742241
0.234779
0.68337
0.0111087
0.657552
0.613361
0.726402
0.151982
0.843928
0.922422
0.339122
0.193609
0.406232
0.365612
0.597003
0.892087
0.557421
0.552202
0.217627
0.929838
0.131809
0.787591
0.509873
0.586047
0.249733
0.5562
0.557573
0.411237
0.922544
0.399762
0.590991
0.213507
0.825159
0.634663
0.953307
0.526444
0.52794
0.0476089
0.489578
0.95642
0.868068
0.900784
0.302713
0.463057
0.761071
0.998901
0.909207
0.411634
0.3137
0.177587
0.725852
0.832667
0.151097
0.604083
0.145695
0.237709
0.51738
0.334208
0.716239
0.0104373
0.999451
0.999237
0.500992
0.848109
0.0508438
0.039491
0.659169
0.525559
0.135319
0.984375
0.717917
0.988617
0.744957
0.275521
0.681936
0.720969
0.747124
0.316599
0.12067
0.754051
0.346233
0.134922
0.403211
0.723472
0.361522
0.140599
0.892361
0.644795
0.289132
0.887783
0.0928678
0.0147099
0.683767
0.79397
0.064272
0.583209
0.441786
0.378948
0.0772423
0.723319
0.921751
0.368267
0.714835
0.99115
0.34254
0.909177
0.761406
0.687735
0.287729
0.79989
0.918058
0.362529
0.282601
0.720084
0.721152
0.601917
0.463515
0.753258
0.155583
0.399304
0.262276
0.0178838
0.749321
0.631428
0.186468
0.760002
0.197974
0.937284
0.447676
0.887967
0.846583
0.0200507
0.914304
0.339976
0.513138
0.251167
0.576189
0.552965
0.575121
0.196448
0.763115
0.776086
0.542405
0.537217
0.538011
0.0307016
0.808527
0.475661
0.574725
0.414533
0.538835
0.653676
0.234687
0.581713
0.570482
0.665822
0.673391
0.999146
0.779199
0.484878
0.755516
0.474166
0.0481582
0.120762
0.0177618
0.093112
0.338115
0.799707
0.0696432
0.597644
0.820643
0.358135
0.031251
0.342631
0.681722
0.753441
0.467177
0.1142
0.0389721
0.187445
0.166784
0.261055
0.087466
0.81286
0.0805689
0.975829
0.957213
0.966338
0.534898
0.735191
0.879269
0.276711
0.892636
0.120823
0.0202948
0.0725425
0.882199
0.704245
0.696616
0.358257
0.942839
0.471053
0.494736
0.751793
0.293161
0.35551
0.0628376
0.634175
0.569353
0.479812
0.958312
0.218543
0.986511
0.137364
0.861354
0.269539
0.0670187
0.274667
0.284005
0.61333
0.171117
0.33079
