0.407086
0.519517
0.212226
0.561205
0.0613117
0.337352
0.824061
0.618885
0.700156
0.240181
0.547288
0.660421
0.736686
0.00915555
0.344096
0.435896
0.231117
0.968139
0.00195318
0.195105
0.464827
0.122562
0.555742
0.186377
0.374248
0.789911
0.933012
0.0691549
0.418012
0.820124
0.262886
0.205542
0.695486
0.461196
0.336711
0.206702
0.183721
0.434034
0.518448
0.596393
0.25309
0.77514
0.428449
0.939787
0.916959
0.819147
0.14832
0.012299
0.548936
0.560839
0.0851466
0.174902
0.374187
0.943632
0.787927
0.784722
0.175695
0.164922
0.491165
0.44142
0.818934
0.588641
0.105594
0.702689
0.0535905
0.187384
0.412244
0.663381
0.843593
0.00711081
0.489395
0.296823
0.133122
0.536943
0.792352
0.278512
0.842433
0.878231
0.00604266
0.00698874
0.988708
0.630787
0.494308
0.796655
0.964049
0.401929
0.0817591
0.0613727
0.0925932
0.722709
0.365001
0.606861
0.741966
0.828852
0.986358
0.402356
0.328257
0.537706
0.133213
0.611866
0.944456
0.70452
0.551561
0.650502
0.499222
0.452315
0.926908
0.688284
0.816675
0.894101
0.604236
0.345408
0.163579
0.299142
0.928556
0.661733
0.709952
0.0671407
0.287942
0.019776
0.299326
0.425733
0.877041
0.22251
0.327647
0.204169
0.771447
0.802759
0.968932
0.94879
0.168737
0.427778
0.488815
0.0386059
0.554369
0.954741
0.222083
0.0999786
0.8923
0.7022
0.881954
0.794031
0.441206
0.195135
0.284738
0.373119
0.0316477
0.706809
0.569597
0.433546
0.812281
0.186743
0.274453
0.718436
0.666158
0.769646
0.820063
0.88348
0.257241
0.091464
0.8211
0.29432
0.938475
0.0709861
0.92526
0.743278
0.13834
0.580859
0.390057
0.612842
0.49556
0.421705
0.554826
0.747215
0.423627
0.552538
0.55034
0.070101
0.300821
0.292428
0.845302
0.694296
0.634663
0.861629
0.510483
0.333628
0.829554
0.837306
0.266182
0.247719
0.735252
0.260567
0.409497
0.292611
0.760063
0.0282601
0.708213
0.736991
0.300546
0.174352
0.11008
0.275155
0.20893
0.389172
0.94528
0.590686
0.926633
0.748436
0.134983
0.980621
0.293497
0.310251
0.69866
0.242836
0.0314341
0.56624
0.330515
0.162023
0.0856044
0.344066
0.115879
0.877285
0.723136
0.0332041
0.80398
0.0782189
0.996887
0.565752
0.781823
0.302286
0.814631
0.127415
0.26722
0.486373
0.932035
0.818049
0.653035
0.862758
0.0605487
0.79635
0.930967
0.452467
0.369671
0.962951
0.00585955
0.340587
0.203619
0.395978
0.753044
0.832545
0.861293
0.846248
0.667013
0.4391
0.824702
0.665242
0.806207
0.766472
0.0245064
0.724937
0.652333
0.608875
0.652516
0.968169
0.196936
0.0874966
0.279611
0.92642
0.822169
0.530808
0.205786
0.920499
0.833308
0.618
0.954527
0.419233
0.168828
0.658101
0.696341
0.0382397
0.252876
0.714835
0.711234
0.484146
0.746239
0.807215
0.8464
0.982665
0.799219
0.782556
0.00750755
0.60976
0.832728
0.0522477
0.809595
0.2931
0.0446181
0.225318
0.462752
0.0810572
0.595691
0.095645
0.312449
0.496689
0.530778
0.593738
0.663167
0.445967
0.330882
0.337931
0.87228
0.354564
0.942717
0.0773034
0.144169
0.285653
0.511826
0.995605
0.15186
0.0550554
0.873806
0.26783
0.398053
0.162114
0.0764489
0.411359
0.367626
0.779931
0.863216
0.521775
0.984222
0.676473
0.301553
0.819483
0.298257
0.0728782
0.161565
0.224219
0.793725
0.660726
0.0350658
0.0754723
0.655202
0.902799
0.756645
0.701315
0.673757
0.522172
0.458327
0.913877
0.133915
0.049501
0.00872829
0.0671407
0.544298
0.356059
0.981048
0.189917
0.685385
0.541551
0.558061
0.282205
0.124943
0.9541
0.14124
0.565752
0.518143
0.90408
0.212836
0.309153
0.230171
0.235633
0.767388
0.00546281
0.157323
0.556566
0.127171
0.275124
0.956847
0.57622
0.73632
0.953459
0.206671
0.252632
0.206427
0.951262
0.987548
0.365001
0.100162
0.21015
0.698782
0.133976
0.9241
0.0830409
0.205512
0.146153
0.831538
0.127812
0.360393
0.20777
0.483139
0.65978
0.7369
0.952239
0.684805
0.10712
0.734214
0.0916776
0.830042
0.937437
0.170751
0.54088
0.830195
0.297647
0.128758
0.694906
0.535173
0.627064
0.820673
0.336589
0.500168
0.243294
0.355754
0.497635
0.634877
0.2837
0.141057
0.249702
0.62862
0.589984
0.842708
0.877194
0.745659
0.832789
0.773278
0.351177
0.810755
0.184454
0.0781274
0.766137
0.0777917
0.482894
0.530473
0.241127
0.362712
0.950865
0.0487991
0.387646
0.234443
0.749809
0.979369
0.194281
0.723533
0.725669
0.0483108
0.726066
0.859554
0.288949
0.98587
0.0284127
0.64861
0.788568
0.0696738
0.853633
0.169195
0.392651
0.399823
0.363262
0.36024
0.662862
0.857631
0.0753197
0.990661
0.704856
0.294687
0.691305
0.992248
0.387799
0.933409
0.68334
0.819178
0.486984
0.328715
0
0.550432
0.601367
0.711997
0.995575
0.562578
0.274789
0.829554
0.624226
0.602954
0.0925321
0.255348
0.730491
0.689627
0.458174
0.0269173
0.196631
0.427961
0.555223
0.911313
0.683828
0.444044
0.578051
0.5674
0.861049
0.579028
0.690085
0.520463
0.18894
0.96527
0.878689
0.85818
0.160955
0.0910977
0.841517
0.158055
0.203497
0.955107
0.970244
0.284585
0.813685
0.954863
0.283883
0.96942
0.742943
0.565752
0.818995
0.63683
0.359081
0.286233
0.22898
0.128269
0.437361
0.985992
0.675253
0.0221564
0.549516
0.0639363
0.562944
0.550188
0.529344
0.32609
0.389904
0.0548418
0.563555
0.279733
0.791559
0.946318
0.0722373
0.40495
0.861843
0.538682
0.302835
0.277017
0.448805
0.269295
0.987213
0.766289
0.26603
0.166662
0.242012
0.458022
0.666524
0.314982
0.223762
0.647389
0.7416
0.736808
0.977752
0.587146
0.760582
0.524766
0.988342
0.519517
0.698569
0.529344
0.694754
0.945036
0.498245
0.484329
0.764885
0.838771
0.655751
0.539201
0.50676
