0.548875
0.213141
0.878872
0.594562
0.910581
0.884732
0.444533
0.22898
0.403638
0.927244
0.398785
0.551256
0.900204
0.94351
0.55327
0.660909
0.359416
0.0385449
0.0113529
0.824244
0.131626
0.54799
0.20365
0.636647
0.216651
0.508774
0.975311
0.747551
0.467849
0.278756
0.926664
0.853633
0.26899
0.427015
0.748863
0.5197
0.2537
0.881527
0.833247
0.967437
0.600208
0.00579852
0.829432
0.383618
0.897275
0.0281075
0.727165
0.690451
0.314249
0.322611
0.212165
0.818293
0.905545
0.0227058
0.691092
0.806391
0.724998
0.00161748
0.383038
0.932829
0.532701
0.631153
0.716453
0.302805
0.00479141
0.591021
0.148137
0.873165
0.450697
0.908353
0.77044
0.442366
0.949644
0.661
0.192206
0.728874
0.474105
0.95706
0.575732
0.384686
0.552507
0.299081
0.690664
0.79693
0.741691
0.896146
0.837764
0.651112
0.222266
0.718833
0.98706
0.891629
0.0110172
0.311594
0.57857
0.673238
0.266152
0.0181585
0.534593
0.34196
0.94174
0.513779
0.623676
0.713004
0.0655843
0.768273
0.466201
0.904324
0.314035
0.426862
0.518418
0.391919
0.119907
0.946898
0.551164
0.108158
0.364391
0.779015
0.0637226
0.957701
0.825953
0.568194
0.276467
0.452315
0.0444349
0.615589
0.764244
0.221747
0.0951567
0.742698
0.478957
0.812647
0.480667
0.198462
0.189947
0.787286
0.0953093
0.57973
0.18421
0.152043
0.0127873
0.907834
0.499313
0.903867
0.899472
0.127323
0.167119
0.219916
0.0674154
0.546037
0.524277
0.774102
0.469161
0.858272
0.574786
0.322367
0.481887
0.406262
0.988159
0.134159
0.724387
0.534928
0.9082
0.292734
0.101657
0.992767
0.63805
0.761986
0.363506
0.587909
0.065981
0.243355
0.935881
0.434858
0.954222
0.563891
0.402875
0.826807
0.583514
0.651357
0.525193
0.555345
0.818995
0.986847
0.822535
0.964965
0.915281
0.148167
0.915952
0.738243
0.263771
0.390057
0.299417
0.71691
0.00543229
1.06062
0.224982
0.488815
0.137547
0.797204
0.221656
0.0407117
0.194952
0.460158
0.782708
0.94702
0.975951
0.942259
0.488968
0.607532
0.177496
0.193365
0.144292
0.204047
0.74279
0.680471
0.360271
0.300363
0.532945
0.255806
1.2204
0.734886
0.761223
0.751732
0.92465
0.31489
0.773949
0.247505
0.00625629
0.887112
0.266121
0.688833
0.623005
0.757744
0.429182
0.845058
0.612568
0.169713
0.422254
0.642537
0.586413
0.862423
0.518815
0.35255
0.820978
0.243019
0.711997
0.224952
0.756798
0.0404675
0.323954
0.419385
0.824274
0.0481582
0.343059
0.360393
0.240913
0.413038
0.722434
0.270852
0.282235
0.312296
0.557024
0.845149
0.252724
0.468612
0.921873
0.588061
0.229926
0.0647603
0.752342
0.539201
0.00833155
0.928165
0.0869472
0.085696
0.15595
0.750908
0.554796
0.222999
0.135685
0.268166
0.221473
0.456496
0.593707
0.574084
0.753685
0.237159
0.132023
0.528214
0.89526
0.13187
0.371746
0.309549
0.335521
0.438154
0.540025
0.831996
0.56856
0.526627
0.0375072
0.0723289
0.386639
0.93936
0.967345
0.520493
0.369549
0.289438
0.957274
0.0991241
0.1236
0.692099
0.0679647
0.254372
0.172094
1.13383
0.358409
0.718925
0.983642
0.869228
0.496353
0.698965
0.432112
0.275216
0.0379955
0.265542
0.0107425
0.0281686
0.274392
0.870479
0.148442
0.993347
0.744194
0.677053
0.281228
0.309091
0.2154
0.0151677
0.348918
0.946471
0.39143
0.332377
0.802942
0.844356
0.455733
0.203253
0.222541
0.303415
0.237007
0.931211
0.29017
0.499496
0.612781
0.691031
0.917081
0.63332
0.0531938
0.660176
0.412641
0.828669
0.110904
0.941984
0.747703
0.216071
0.0816065
0.259896
0.535783
0.991089
0.399426
0.149174
0.243629
0.000701926
0.657369
0.144261
0.492111
0.389752
0.164159
0.567278
0.123814
0.511704
0.615528
0.188849
0.758171
0.0702536
0.169103
0.702628
0.437544
0.836482
0.190252
0.345866
0.107059
0.14655
0.476608
0.68572
0.373028
0.358592
0.652882
0.848567
0.866024
0.518662
0.134312
0.455519
0.490127
0.108249
0.136357
0.757378
0.288034
0.89172
0.246345
0.15833
0.294046
0.900906
0.675375
0.395886
0.0917997
0.169591
0.721732
0.998474
0.76339
0.676015
0.185156
0.0807215
0.538804
0.275735
0.080813
0.545793
0.716697
0.797723
0.708518
0.905545
0.258705
0.139653
0.35432
0.251259
0.177557
0.811365
0.0155644
0.301523
0.982696
0.390698
0.0207526
0.483413
0.0790429
0.677206
0.510666
0.619129
0.503311
0.619343
0.544328
0.425245
0.885617
0.550096
0.598773
0.319376
0.436201
0.339763
0.792505
0.824946
0.593432
0.133152
0.745628
0.118778
0.921934
0.260659
0.416944
0.354534
0.240364
0.891751
0.859066
0.998535
0.788171
0.604022
0.285928
0.372173
0.497079
0.276589
0.592822
0.423597
0.630268
0.135502
0.557817
0.439375
0.0260018
0.72161
0.360271
0.90173
0.307749
0.177374
0.823847
0.486373
0.613147
0.337016
0.130833
0.265114
0.677267
0.181188
0.0696127
0.362346
0.00418104
0.960265
0.654012
0.337046
0.119572
0.84521
0.813288
0.565081
0.0184027
0.327616
0.817042
0.454939
0.869442
0.200995
0.679189
0.170629
0.674093
0.906644
0.443648
0.746605
0.519333
0.725089
0.453566
0.309275
0.188391
0.859462
0.0159001
0.548936
0.660787
0.285195
0.695791
0.902493
0.953734
0.629902
0.632282
0.0868557
0.0233467
0.401837
0.0676595
0.796197
0.745262
0.0952483
0.896628
0.672231
0.27018
0.203284
0.778863
0.969848
0.478622
0.697684
0.578234
0.301584
0.445936
0.807855
0.533525
0.261574
0.832026
0.932066
0.56859
0.887661
0.363201
0.0804468
0.0350047
0.96057
0.661489
0.0539262
0.683187
0.821986
0.902585
0.910245
0.369579
0.274911
0.727226
0.920347
0.000335704
0.232551
0.345042
0.00503555
0.995636
0.366863
0.822443
0.925413
0.332987
0.252327
0.810663
0.081576
0.687246
0.636586
0.169805
0.596759
