0.44322
0.478957
0.789209
0.909726
0.179571
0.263588
0.345073
0.712088
0.887478
0.16483
0.611316
0.387951
0.936979
0.723594
0.730522
0.599658
0.556078
0.789361
0.154485
0.253182
0.997406
0.921293
0.970306
0.787347
0.646748
0.717307
0.971679
0.933317
0.310038
0.867092
0.56325
0.944182
0.00299081
0.0693075
0.564135
0.126377
0.269234
0.359325
0.670217
0.297769
0.841945
0.274789
0.612293
0.010651
0.853023
0.48439
0.363781
0.589831
0.84051
0.0675069
0.133091
0.625782
0.0826746
0.645955
0.895962
0.911435
0.967834
0.146489
0.542131
0.055208
0.894864
0.579943
0.231239
0.600269
0.334452
0.0969878
0.780725
0.993835
0.692587
0.40556
0.166448
0.703879
0.363781
0.938078
0.646565
0.49617
0.0295724
0.276894
0.0618305
0.21131
0.346049
0.0248115
0.771386
0.751793
0.373119
0.299081
0.568743
0.248085
0.198401
0.813471
0.500351
0.334971
0.752037
0.523881
0.352641
0.712455
0.377636
0.724113
0.619587
0.747917
0.716758
0.682821
0.228584
0.776666
0.18955
0.353252
0.906766
0.929228
0.755211
0.81698
0.383099
0.293466
0.994995
0.145054
0.73104
0.804895
0.561998
0.907193
0.633747
0.481643
0.474288
0.999908
0.875027
0.30015
0.95822
0.747276
0.946257
0.750725
0.380261
0.473098
0.428816
0.348918
0.707114
0.384167
0.262795
0.113804
0.495956
0.746574
0.410779
0.886715
0.0639668
0.938719
0.0571001
0.971252
0.687826
0.454848
0.674337
0.173742
0.223762
0.780389
0.820276
0.463698
0.846919
0.155248
0.304422
0.900845
0.0643941
0.998627
0.255501
0.881222
0.0732444
0.311655
0.438063
0.459212
0.274239
0.325449
0.727042
0.0182196
0.271462
0.783441
0.323923
0.898556
0.391125
0.458357
0.567553
0.436811
0.765709
0.102634
0.155736
0.787378
0.792352
0.543809
0.164159
0.574175
0.906674
0.389599
0.968383
0.251991
0.102329
0.189093
0.36903
0.927396
0.94937
0.69509
0.671468
0.00433363
0.776574
0.954894
0.522904
0.579272
0.537675
0.343913
0.851558
0.0501419
0.969176
0.0282601
0.549883
0.673727
0.91348
0.979949
0.160253
0.260048
0.493271
0.273446
0.711814
0.857143
0.283792
0.969298
0.126194
0.536363
0.836726
0.203192
0.427229
0.380718
0.920621
0.810572
0.611988
0.620075
0.988372
0.921476
0.376415
0.484787
0.703635
0.814142
0.366436
0.564745
0.0678426
0.727378
0.84048
0.0449232
0.770867
0.490341
0.0820032
0.329417
0.446822
0.016419
0.883145
0.346751
0.724235
0.144566
0.375591
0.624012
0.0731834
0.546953
0.128941
0.0246895
0.131565
0.444411
0.149419
0.239723
0.783715
0.81167
0.322886
0.265877
0.293313
0.369457
0.748466
0.210395
0.284341
0.725791
0.571795
0.0472732
0.38139
0.0536515
0.721488
0.563433
0.698477
0.852443
0.335704
0.627094
0.371471
0.268288
0.349254
0.461104
0.608539
0.867153
0.604907
0.0153508
0.134709
0.376293
0.488235
0.744774
0.630909
0.561296
0.522294
0.197607
0.333598
0.0500504
0.454787
0.158452
0.170476
0.440504
0.184942
0.812708
0.220771
0.849788
0.0311594
0.139836
0.379894
0.973113
0.686605
0.443739
0.757134
0.384045
0.105289
0.870144
0.0299997
0.613605
0.752678
0.122776
0.953032
0.0903043
0.515671
0.812098
0.671773
0.533891
0.692282
0.993469
0.757347
0.911527
0.78283
0.14655
0.478713
0.793756
0.617847
0.189825
0.098178
0.261238
0.411542
0.635975
0.623676
0.957305
0.311655
0.4756
0.84283
0.172765
0.627186
0.256203
0.15891
0.975677
0.391491
0.290414
0.244697
0.603015
0.730949
0.821711
0.385388
0.0893582
0.455428
0.48027
0.919004
0.408795
0.290902
0.380993
0.638905
0.809046
0.645863
0.216468
0.197058
0.888363
0.564318
0.328288
0.580279
0.126255
0.180761
0.153996
0.582598
0.987976
0.122654
0.216407
0.833857
0.500778
0.917417
0.923948
0.367351
0.362774
0.019776
0.66097
0.922208
0.162603
0.912076
0.435713
0.356426
0.826868
0.184576
0.66744
0.386425
0.975433
0.279214
0.371593
0.273293
0.643025
0.197241
0.520402
0.953581
0.558092
0.401135
0.317606
0.91879
0.259499
0.334025
0.137303
0.582568
0.472335
0.188788
0.219245
0.455123
0.586566
0.0907926
0.932157
0.925962
0.529557
0.827937
0.962462
0.276467
0.497055
0.457747
0.261116
0.0365612
0.694082
0.687307
0.696707
0.708426
0.599933
0.622028
0.325114
0.793878
0.403729
0.507096
0.400403
0.0607929
0.331217
0.564074
0.557146
0.849666
0.978179
0.743065
0.518601
0.955657
0.427778
0.748863
0.0587176
0.345073
0.117832
0.0584429
0.0825526
0.0186773
0.385754
0.690451
0.231574
0.164312
0.0398877
0.748985
0.838679
0.592578
0.231666
0.751823
0.826441
0.149968
0.123234
0.205664
0.973113
0.748161
0.635731
0.237831
0.940458
0.711966
0.33668
0.808466
0.67449
0.575213
0.431837
0.841731
0.111118
0.693381
0.790399
0.678091
0.571795
0.249123
0.165471
0.273141
0.491256
0.501358
0.682394
0.81167
0.511307
0.845882
0.504471
0.693838
0.888302
0.580706
0.213569
0.542833
0.037965
0.270821
0.761803
0.137791
0.829859
0.0790429
0.253273
0.204138
0.972716
0.390027
0.245064
0.342723
0.730766
0.177099
0.817713
0.353648
0.0772423
0.924406
0.356059
0.205603
0.649586
0.817072
0.0818201
0.917692
0.284616
0.926481
0.543687
0.0641499
0.700674
0.591083
0.477157
0.769768
0.523515
0.588366
0.939695
0.449232
0.88934
0.141362
0.162816
0.527512
0.372143
0.0707419
0.155095
0.76104
0.330668
0.749474
0.131962
0.377789
0.915891
0.944395
0.80636
0.186621
0.189825
0.414106
0.155705
0.529893
0.60152
0.130528
0.407056
0.434492
0.381573
0.204077
0.968169
0.136723
0.665731
0.114536
0.742607
0.808039
0.397717
0.622913
0.0429395
0.987945
0.452284
0.121799
0.577349
0.361278
0.727165
0.191412
0.518448
0.306711
0.314982
0.66744
0.117222
0.208686
0.0401624
