0.805719
0.814905
0.396558
0.355113
0.7116
0.275582
0.504227
0.840114
0.942961
0.920164
0.0237129
0.165654
0.816492
0.190619
0.908628
0.993378
0.760765
0.690176
0.470168
0.665456
0.083224
0.702628
0.123234
0.883663
0.461409
0.683004
0.464888
0.982116
0.358104
0.509629
0.0322886
0.308237
0.302683
0.534562
0.91586
0.764306
0.10004
0.0661336
0.489364
0.594562
0.154424
0.587512
0.159307
0.248939
0.300241
0.314585
0.494491
0.81756
0.0297861
0.482437
0.335368
0.736961
0.385357
0.60152
0.36903
0.454817
0.757866
0.776116
0.276559
0.683737
0.453047
0.126621
0.443556
0.803522
0.913327
0.88525
0.881405
0.194525
0.896176
0.941038
0.971465
0.856838
0.338725
0.645619
0.490158
0.546281
0.508133
0.0575274
0.830348
0.06592
0.413739
0.431318
0.0555437
0.288552
0.171453
0.648274
0.165258
0.106632
0.395825
0.672445
0.257942
0.351604
0.823328
0.970122
0.444929
0.772851
0.725394
0.114444
0.95941
0.113865
0.262886
0.069277
0.496658
0.830653
0.906369
0.670034
0.13657
0.869076
0.785791
0.54619
0.136784
0.227638
0.770012
0.633137
0.944365
0.935362
0.444166
0.938444
0.844569
0.0145878
0.210639
0.654714
0.0812098
0.0697348
0.85049
0.681906
0.0714133
0.232856
0.616169
0.977142
0.72045
0.712638
0.650319
0.638569
0.551378
0.637043
0.313364
0.960845
0.62624
0.786187
0.525163
0.405713
0.0220649
0.244514
0.540361
0.413404
0.977722
0.0739769
0.256355
0.219214
0.0896939
0.234748
0.32728
0.405103
0.603412
0.53795
0.234016
0.608936
0.703269
0.333689
0.6892
0.109867
0.0404981
0.364574
0.799036
0.107028
0.470321
0.654408
0.401502
0.0778222
0.963713
0.857601
0.832911
0.377026
0.736503
0.480117
0.0894803
0.176214
0.88873
0.795373
0.674123
0.850002
0.545885
0.0899991
0.191565
0.996002
0.530961
0.630634
0.122288
0.389813
0.00177007
0.0690024
0.0253609
0.0847194
0.485794
0.710501
0.963042
0.262978
0.69573
0.297708
0.953948
0.670522
0.831568
0.998566
0.297952
0.776025
0.457015
0.230445
0.325846
0.97
0.169561
0.547014
0.669576
0.9082
0.856655
0.276559
0.485214
0.861385
0.616657
0.333811
0.149236
0.704398
0.673482
0.570269
0.843349
0.624653
0.380627
0.541917
0.481338
0.447554
0.63451
0.418806
0.098056
0.687613
0.669271
0.0568865
0.347819
0.472762
0.556169
0.972747
0.666738
0.110233
0.589404
0.964446
0.254707
0.840877
0.854122
0.0140996
0.555101
0.072573
0.819117
0.187597
0.626179
0.351421
0.436354
0.185705
0.498245
0.92465
0.300394
0.143071
0.729484
0.175512
0.571429
0.48796
0.595264
0.841884
0.247658
0.592761
0.931974
0.700369
0.153905
0.753899
0.134587
0.338389
0.122227
0.991699
0.0946684
0.682119
0.831172
0.655843
0.00534074
0.90997
0.704611
0.534532
0.893155
0.195013
0.428144
0.751183
0.813135
0.869686
0.855464
0.191992
0.980285
0.704276
0.667104
0.23307
0.922361
0.436506
0.996673
0.592517
0.642201
0.213843
0.875698
0.223151
0.672842
0.0175787
0.166967
0.561205
0.499893
0.933012
0.808588
0.181982
0.369396
0.703635
0.689627
0.776299
0.483444
0.182318
0.148839
0.119633
0.125706
0.526444
0.672414
0.126133
0.583361
0.965484
0.84753
0.317667
0.725822
0.372387
0.477126
0.545122
0.659993
0.178625
0.229194
0.922971
0.860561
0.273415
0.0812708
0.0144353
0.197333
0.289926
0.27311
0.267678
0.412915
0.716453
0.680197
0.0604266
0.087405
0.622456
0.779077
0.295053
0.605426
0.00817896
0.940367
0.679891
0.559679
0.00976592
0.528398
0.506577
0.855495
0.840999
0.408277
0.447096
0.607776
0.336894
0.914548
0.857173
0.567278
0.400037
0.968993
0.57503
0.935881
0.0257576
0.712577
0.884243
0.262307
0.545518
0.0996124
0.82696
0.127384
0.923978
0.751671
0.87051
0.129215
0.206183
0.292062
0.999725
0.322245
0.228431
0.866512
0.538499
0.854732
0.52028
0.686148
0.0539567
0.229713
0.884762
0.568987
0.289834
0.771935
0.144169
0.441969
0.938353
0.18244
0.794214
0.624775
0.902554
0.393292
0.500259
0.358196
0.88403
0.0942717
0.281472
0.281655
0.075869
0.726463
0.777825
0.0642109
0.990875
0.879574
0.0798669
0.125004
0.987945
0.44084
0.262123
0.816034
0.665944
0.3661
0.0336619
0.747826
0.0526444
0.290201
0.687124
0.864193
0.246834
0.444777
0.715964
0.334422
0.554125
0.101871
0.290506
0.25248
0.219428
0.991852
0.0581683
0.243416
0.000824
0.498672
0.933531
0.669515
0.424299
0.400769
0.97235
0.946745
0.415265
0.449263
0.859767
0.536576
0.426313
0.0444044
0.937651
0.200049
0.233619
0.203619
0.14069
0.625416
0.822535
0.729759
0.670888
0.323496
0.0319834
0.568743
0.18244
0.5103
0.182012
0.714896
0.640492
0.692434
0.705344
0.89404
0.79751
0.724021
0.682943
0.0124516
0.937773
0.721976
0.95999
0.267953
0.724906
0.291025
0.520829
0.843867
0.425031
0.0586566
0.140355
0.197607
0.975219
0.680715
0.187719
0.87701
0.0997345
0.299112
0.992523
0.0927763
0.313486
0.397565
0.846004
0.819361
0.819788
0.803339
0.909574
0.246956
0.223212
0.0278024
0.709616
0.759239
0.36906
0.11182
0.249886
0.169042
0.96585
0.524277
0.0630207
0.428388
0.834742
0.703818
0.847468
0.885067
0.699637
0.0289926
0.141881
0.798944
0.0914945
0.588916
0.216803
0.812403
0.772698
0.387432
0.234626
0.61507
0.387463
0.783074
0.501938
0.997833
0.482803
0.773522
0.602222
0.110935
0.640004
0.389233
0.0375683
0.87759
0.637684
0.796899
0.737327
0.291818
0.617756
0.690085
0.947142
0.209784
0.987152
0.180212
0.716727
0.875698
0.227027
0.506485
0.634114
0.31843
0.226447
0.296915
0.438185
0.235755
0.363018
0.129093
0.889218
0.895199
0.709952
0.817835
0.924955
0.093997
0.0656758
0.00335704
0.799829
0.618946
0.625904
0.895169
0.374737
