0.451521
0.0661336
0.502976
0.693289
0.345012
0.531236
0.381695
0.747093
0.670034
0.455641
0.974914
0.846187
0.174932
0.0396435
0.250465
0.616932
0.950041
0.608234
0.721366
0.357555
0.217139
0.92703
0.861141
0.661611
0.823023
0.245552
0.0607929
0.886746
0.685568
0.526261
0.0687582
0.249306
0.0582904
0.0178533
0.416089
0.424696
0.340678
0.313822
0.695303
0.394879
0.00991852
0.50206
0.964019
0.379559
0.263161
0.516892
0.479049
0.953887
0.292337
0.368175
0.0697958
0.184637
0.303507
0.311716
0.788751
0.692862
0.855403
0.822413
0.428602
0.800531
0.616779
0.540666
0.583728
0.748283
0.654286
0.836756
0.707846
0.240944
0.394299
0.573229
0.367748
0.898373
0.826228
0.81869
0.976806
0.775201
0.997009
0.107852
0.538255
0.293985
0.700888
0.71749
0.131108
0.206702
0.238533
0.0314951
0.188269
0.3314
0.330515
0.0474258
0.0244148
0.262978
0.584887
0.192145
0.658345
0.172216
0.963652
0.350627
0.677816
0.279702
0.769189
0.257973
0.576098
0.136021
0.027131
0.044496
0.341166
0.289865
0.792871
0.788659
0.993622
0.908841
0.817499
0.298746
0.512467
0.437025
0.957976
0.242836
0.50087
0.285287
0.739799
0.920499
0.802026
0.748589
0.192755
0.0148625
0.884243
0.957854
0.267098
0.242988
0.0567644
0.59154
0.45851
0.0647603
0.638081
0.238746
0.823054
0.873959
0.210791
0.611042
0.234565
0.0764794
0.329753
0.863613
0.47319
0.612568
0.597369
0.783776
0.886135
0.773247
0.404309
0.882443
0.894833
0.223243
0.393262
0.740349
0.212531
0.00949126
0.599841
0.943022
0.270821
0.252602
0.0466628
0.988098
0.842128
0.18012
0.338023
0.205023
0.0420545
0.418165
0.893429
0.38731
0.468642
0.776086
0.511948
0.571551
0.546525
0.599841
0.712333
0.805597
0.62212
0.804285
0.339976
0.183264
0.897153
0.233009
0.658254
0.277718
0.271828
0.130558
0.362926
0.882077
0.404309
0.312632
0.730308
0.863918
0.688925
0.0720542
0.0834071
0.85989
0.117313
0.807215
0.0192877
0.0800806
0.45732
0.308756
0.465957
0.637776
0.283212
0.276437
0.537248
0.42967
0.330668
0.472365
0.729637
0.806665
0.509873
0.648244
0.704947
0.952239
0.664846
0.747612
0.209906
0.11362
0.758232
0.433973
0.32374
0.757408
0.0161138
0.36726
0.82635
0.269967
0.685354
0.441176
0.718009
0.474624
0.568651
0.613941
0.108097
0.459395
0.100009
0.0077517
0.900693
0.937895
0.995941
0.936735
0.582202
0.20777
0.147008
0.536454
0.82992
0.867183
0.656514
0.825465
0.801965
0.446516
0.18012
0.635182
0.181371
0.754265
0.394543
0.386029
0.861141
0.446303
0.872036
0.321696
0.480605
0.631397
0.289254
0.771294
0.650166
0.760155
0.331309
0.356914
0.462569
0.0166631
0.486007
0.802576
0.379315
0.234993
0.563341
0.989868
0.426405
0.0711081
0.69924
0.495376
0.280557
0.539445
0.98349
0.644856
0.83993
0.0606403
0.501328
0.797082
0.550462
0.938353
0.20481
0.291513
0.286569
0.81518
0.280618
0.0956145
0.216407
0.541246
0.866634
0.313303
0.981384
0.181341
0.62801
0.777703
0.187323
0.84579
0.190619
0.318369
0.272805
0.590472
0.979766
0.552812
0.841731
0.827845
0.122745
0.135502
0.300241
0.403333
0.411756
0.79342
0.429853
0.709403
0.201178
0.727409
0.139927
0.960173
0.257637
0.269997
0.304331
0.235664
0.260994
0.90936
0.451003
0.940336
0.715781
0.482284
0.832789
0.402417
0.150151
0.869503
0.299631
0.249489
0.601001
0.411939
0.978088
0.429823
0.137333
0.206336
0.728355
0.851833
0.298593
0.412885
0.303323
0.133518
0.31373
0.862697
0.46498
0.163305
0.846858
0.947722
0.211554
0.196173
0.610645
0.0157781
0.87698
0.161168
0.0369274
0.24543
0.77398
0.329753
0.616016
0.995331
0.373547
0.621326
0.431471
0.3202
0.534074
0.459883
0.00531022
0.331156
0.237617
0.0207831
0.624256
0.594409
0.323893
0.320261
0.11774
0.179998
0.121036
0.275826
0.373363
0.70809
0.589343
0.83401
0.511643
0.869259
0.853114
0.308908
0.117649
0.523881
0.0876797
0.359294
0.0336619
0.356151
0.419446
0.318369
0.886227
0.146977
0.381024
0.340129
0.950804
0.866207
0.195318
0.948882
0.294504
0.257454
0.606128
0.520646
0.531541
0.489364
0.604022
0.49208
0.891263
0.355205
0.0684225
0.200354
0.737785
0.0468459
0.220527
0.261269
0.244392
0.342448
0.438429
0.987304
0.854549
0.880337
0.0502945
0.908689
0.485672
0.591327
0.802759
0.823206
0.463149
0.96823
0.00936918
0.807794
0.377606
0.37553
0.0591754
0.585864
0.439955
0.452467
0.690451
0.447127
0.319956
0.572924
0.153478
0.485092
0.218665
0.0863063
0.671194
0.585681
0.193976
0.101444
0.827876
0.579638
0.66686
0.631733
0.514878
0.436842
0.448683
0.277779
0.12421
0.352794
0.247658
0.382031
0.953856
0.169317
0.212714
0.575396
0.589526
0.716453
0.842433
0.235725
0.293527
0.928983
0.689627
0.570482
0.658315
0.312052
0.396283
0.047853
0.507523
0.40553
0.0130619
0.187414
0.0480361
0.61568
0.330729
0.264077
0.136448
0.435102
0.66335
0.517808
0.845912
0.259011
0.627247
0.509537
0.428907
0.489151
0.126988
0.536241
0.980895
0.0603961
0.399884
0.829676
0.570147
0.642109
0.142918
0.608692
0.745598
0.629627
0.797204
0.456008
0.373974
0.797327
0.228462
0.575854
0.165838
0.800928
0.0203864
0.255684
0.110904
0.971465
0.993316
0.508377
0.458968
0.479293
0.604755
0.88992
0.609455
0.280435
0.315378
0.401013
0.664602
0.414289
0.506974
0.850307
0.915647
0.955504
0.631703
0.85873
0.185125
0.712943
0.664205
0.647206
0.370067
0.915159
0.678487
0.664449
0.9447
0.220374
0.579211
0.654958
0.523087
0.155644
0.189581
0.823359
0.820948
0.903439
0.81634
0.0705893
0.366832
0.0989715
0.797449
0.987518
0.137577
0.0520951
0.115848
0.848048
0.894131
0.190832
