0.556444
0.0669271
0.290384
0.433332
0.568346
0.323374
0.122105
0.524949
0.955321
0.977752
0.922666
0.630177
0.503861
0.477248
0.104099
0.569811
0.41963
0.0551775
0.168981
0.726707
0.977416
0.290353
0.0448012
0.702261
0.739464
0.946165
0.0996124
0.743034
0.454054
0.552538
0.80813
0.458083
0.676382
0.500198
0.871944
0.104678
0.917661
0.824824
0.177374
0.216742
0.466414
0.114597
0.356548
0.451338
0.649831
0.874508
0.626148
0.491317
0.738701
0.964721
0.49028
0.913144
0.0257881
0.57683
0.525834
0.115421
0.605579
0.468703
0.0174261
0.538408
0.230232
0.329478
0.529923
0.87582
0.246956
0.143834
0.546556
0.710654
0.161107
0.018128
0.840632
0.158544
0.733299
0.879177
0.639149
0.953581
0.00314341
0.416822
0.429548
0.837703
0.0109561
0.389386
0.438612
0.190588
0.482345
0.713492
0.00921659
0.740776
0.90878
0.94995
0.4991
0.780816
0.906278
0.284829
0.972198
0.746239
0.260384
0.932157
0.466231
0.289956
0.0803858
0.986572
0.96881
0.160039
0.684774
0.220985
0.0211798
0.411847
0.324473
0.61742
0.468032
0.755486
0.349834
0.979064
0.772942
0.908933
0.731101
0.685232
0.50322
0.148564
0.866451
0.784143
0.788934
0.632466
0.614643
0.948851
0.617084
0.769646
0.994171
0.915677
0.632252
0.568682
0.951903
0.430799
0.35667
0.849605
0.0727866
0.39317
0.230445
0.943449
0.777215
0.0860622
0.712577
0.560076
0.364025
0.44908
0.659902
0.97766
0.0466323
0.754723
0.348704
0.515732
0.568224
0.437086
0.773797
0.491745
0.55504
0.151738
0.155766
0.588488
0.617695
0.77926
0.216376
0.751915
0.803797
0.977752
0.258614
0.320109
0.100986
0.984954
0.760094
0.937162
0.290963
0.252297
0.807337
0.661824
0.0139164
0.503861
0.394696
0.339946
0.664571
0.0224006
0.0519425
0.417402
0.0719016
0.77694
0.996521
0.390698
0.72573
0.618763
0.737022
0.888668
0.555528
0.176336
0.730735
0.187719
0.764916
0.635426
0.904599
0.755577
0.858516
0.59093
0.58623
0.187689
0.489578
0.970916
0.274575
0.0157781
0.833094
0.0810877
0.0835292
0.606983
0.457228
0.540635
0.357036
0.546251
0.308542
0.413129
0.253365
0.170537
0.0538652
0.425672
0.836818
0.0203864
0.878964
0.332682
0.00689718
0.555559
0.106662
0.232398
0.0760216
0.26307
0.970885
0.384594
0.0693075
0.100131
0.785821
0.192846
0.410443
0.290414
0.589404
0.689291
0.0850551
0.416181
0.810907
0.976501
0.433149
0.309397
0.374035
0.751335
0.510575
0.772179
0.300607
0.824366
0.320353
0.326823
0.104404
0.36726
0.227638
0.343272
0.461592
0.810877
0.633229
0.0802026
0.0317087
0.512894
0.198645
0.474624
0.818354
0.382916
0.278268
0.989929
0.324198
0.624104
0.947264
0.179815
0.35493
0.95172
0.58977
0.241554
0.931516
0.88403
0.691549
0.645009
0.565203
0.470565
0.148839
0.92114
0.871029
0.395032
0.880947
0.583667
0.810511
0.740532
0.477065
0.450392
0.383679
0.554735
0.558184
0.858699
0.486679
0.982543
0.470199
0.5609
0.725516
0.0237739
0.133946
0.170782
0.206183
0.31019
0.14594
0.60744
0.747032
0.786889
0.624226
0.0844752
0.166112
0.214576
0.995025
0.617908
0.114658
0.394482
0.507309
0.121036
0.603198
0.565477
0.321268
0.854946
0.330485
0.54445
0.668722
0.360973
0.457503
0.412336
0.36082
0.308023
0.354045
0.231513
0.820795
0.0597247
0.568743
0.371105
0.403821
0.510208
0.614246
0.993378
0.601367
0.0908536
0.843318
0.75634
0.878475
0.48619
0.980224
0.856929
0.334239
0.819971
0.416852
0.895108
0.53383
0.193915
0.0923185
0.891507
0.163305
0.77691
0.224464
0.839198
0.647755
0.796411
0.10184
0.501267
0.502243
0.815546
0.323222
0.216926
0.551775
0.867428
0.784631
0.0643635
0.341166
0.781091
0.909299
0.296426
0.0109256
0.567644
0.564562
0.157018
0.415967
0.504349
0.00228889
0.17954
0.51445
0.744407
0.12656
0.309671
0.798975
0.58153
0.00543229
0.948424
0.800745
0.499344
0.593524
0.47441
0.297128
0.779687
0.709037
0.496597
0.151128
0.989624
0.32606
0.863765
0.440321
0.434431
0.894772
0.974242
0.177923
0.845363
0.924833
0.665029
0.712027
0.284768
0.794031
0.137761
0.620777
0.506638
0.108524
0.65453
0.317545
0.232398
0.893429
0.825068
0.0585345
0.325816
0.621784
0.568407
0.57326
0.353526
0.829279
0.721915
0.0538652
0.909116
0.528367
0.98233
0.880673
0.075808
0.459548
0.437788
0.86053
0.686911
0.536241
0.742241
0.187414
0.876247
0.338328
0.15894
0.615711
0.480117
0.262246
0.622364
0.803186
0.0878018
0.916868
0.473159
0.916471
0.949339
0.835719
0.01236
0.883114
0.736625
0.895962
0.776879
0.49382
0.658498
0.332102
0.902615
0.84933
0.491501
0.955046
0.186712
0.434034
0.501877
0.909085
0.156377
0.627308
0.645161
0.403485
0.817835
0.906827
0.727775
0.451704
0.674642
0.133732
0.716483
0.325663
0.552416
0.574694
0.170598
0.567797
0.0869167
0.756676
0.664083
0.65624
0.590503
0.578234
0.0300607
0.287942
0.281106
0.183172
0.633869
0.728568
0.297739
0.163335
0.839412
0.652394
0.441115
0.984802
0.944151
0.805536
0.102603
0.149724
0.230049
0.623707
0.34666
0.570635
0.326701
0.646229
0.704031
0.248543
0.581713
0.345714
0.401837
0.256539
0.272958
0.651814
0.336436
0.50029
0.873257
0.63863
0.593341
0.491775
0.0416578
0.0824915
0.69747
0.598498
0.530137
0.667501
0.0455947
0.0159001
0.0496231
0.505753
0.232429
0.11008
0.806207
0.984985
0.379681
0.97589
0.229682
0.0709861
0.595111
0.36314
0.437635
0.82873
0.736351
0.693106
0.925687
0.666585
0.328745
0.526017
0.114566
0.310984
0.697256
0.389904
0.91113
0.828974
0.199622
0.327067
0.311533
0.882473
0.359355
0.288583
0.940764
0.134342
0.408826
0.61681
0.556627
0.416944
0.0218207
0.459761
0.217383
