0.838618
0.454299
0.700095
0.215888
0.416761
0.122806
0.0746483
0.635914
0.658986
0.65685
0.558763
0.650685
0.543626
0.849605
0.335551
0.156713
0.897946
0.41963
0.477035
0.193091
0.895291
0.597339
0.879269
0.35258
0.812647
0.929563
0.624195
0.478774
0.481063
0.489731
0.922636
0.132847
0.519486
0.628986
0.517747
0.0487686
0.801752
0.0645466
0.612659
0.690664
0.653096
0.943693
0.6957
0.00424207
0.482253
0.206915
0.682913
0.83694
0.879574
0.335337
0.112094
0.513627
0.228492
0.172979
0.342418
0.750938
0.119785
0.102084
0.817682
0.0251778
0.268014
0.496139
0.168584
0.386181
0.982513
0.368145
0.831782
0.984954
0.754753
0.65096
0.0125736
0.515549
0.556932
0.0663472
0.342082
0.753807
0.269784
0.423933
0.902799
0.740318
0.329447
0.285318
0.0605182
0.153325
0.64568
0.287606
0.688955
0.00869778
0.794427
0.255715
0.608753
0.98703
0.141728
0.652882
0.701346
0.019013
0.752953
0.888607
0.397717
0.960021
0.21662
0.879849
0.703269
0.422224
0.129337
0.221351
0.159703
0.142216
0.399548
0.614429
0.772057
0.239418
0.558763
0.519395
0.381054
0.370006
0.94055
0.118259
0.794
0.466201
0.482223
0.0773339
0.685598
0.977691
0.676138
0.647725
0.983276
0.691366
0.400708
0.670858
0.555223
0.883419
0.312693
0.284768
0.996979
0.325419
0.579394
0.15656
0.815607
0.40556
0.121677
0.230201
0.818049
0.559984
0.420392
0.344493
0.747551
0.779931
0.662313
0.667318
0.715293
0.950468
0.991455
0.954741
0.0620747
0.676351
0.337535
0.196936
0.426618
0.672384
0.689322
0.930326
0.358196
0.102847
0.147465
0.309305
0.945677
0.836146
0.847438
0.738792
0.415632
0.334788
0.985137
0.696982
0.891201
0.399609
0.633473
0.859401
0.658132
0.0582293
0.464095
0.989471
0.854122
0.357799
0.336528
0.437086
0.345653
0.787286
0.732933
0.497787
0.913724
0.34138
0.826594
0.734519
0.637135
0.587634
0.262886
0.0599078
0.253151
0.43144
0.341319
0.337779
0.986541
0.907956
0.558489
0.673757
0.29545
0.818049
0.450789
0.411237
0.373943
0.52324
0.714011
0.776971
0.0190435
0.751701
0.464278
0.882077
0.897244
0.546861
0.21955
0.150975
0.865108
0.9935
0.41966
0.713858
0.114658
0.720664
0.752678
0.515549
0.406293
0.394086
0.239814
0.354411
0.156652
0.125706
0.681967
0.427107
0.273812
0.122684
0.585376
0.966247
0.213599
0.769799
0.316172
0.152074
0.0352794
0.972716
0.8511
0.893307
0.420728
0.266976
0.47264
0.766503
0.548173
0.0765404
0.331431
0.911557
0.36848
0.18952
0.33311
0.655629
0.450148
0.390179
0.38316
0.182653
0.182745
0.700797
0.884945
0.626148
0.945921
0.25013
0.195471
0.0202338
0.724418
0.200354
0.656728
0.134312
0.312235
0.803247
0.278878
0.301798
0.793054
0.604755
0.74398
0.243873
0.201422
0.52617
0.00509659
0.629353
0.329478
0.756767
0.368999
0.541551
0.229591
0.502548
0.157445
0.408673
0.285195
0.704642
0.777856
0.838618
0.618366
0.565935
0.983673
0.958861
0.170537
0.10477
0.949736
0.982879
0.656148
0.667989
0.569323
0.00726341
0.756462
0.534257
0.189703
0.313608
0.583178
0.68038
0.0176397
0.755242
0.357646
0.749229
0.332865
0.58858
0.612934
0.667531
0.47618
0.578326
0.913572
0.466262
0.316691
0.567614
0.855159
0.785333
0.934843
0.38609
0.107913
0.962157
0.00607318
0.303781
0.950072
0.18244
0.621265
0.032136
0.569231
0.0918607
0.382122
0.0866115
0.496384
0.841609
0.725425
0.0774865
0.539903
0.0636616
0.719413
0.899899
0.301828
0.830897
0.900143
0.277352
0.30607
0.824366
0.434645
0.187475
0.280221
0.749748
0.914823
0.716819
0.827937
0.240638
0.0252083
0.870174
0.372082
0.653279
0.371502
0.253975
0.734275
0.626118
0.257363
0.982574
0.581957
0.631947
0.0974151
0.813105
0.0848109
0.569536
0.864376
0.0252693
0.0151372
0.854915
0.720176
0.656423
0.814844
0.345866
0.606372
0.546251
0.0598773
0.210944
0.801202
0.477859
0.306742
0.340709
0.0433973
0.971923
0.353404
0.890011
0.575396
0.288064
0.216132
0.0982696
0.465804
0.653279
0.638478
0.787896
0.555559
0.86462
0.354778
0.326304
0.907346
0.544572
0.344951
0.940306
0.386853
0.592578
0.883145
0.588794
0.935179
0.96588
0.352855
0.0703757
0.374096
0.782556
0.417585
0.509842
0.332987
0.892239
0.53264
0.64687
0.0949126
0.140446
0.857997
0.58092
0.88937
0.121433
0.418439
0.622242
0.0757775
0.786462
0.89462
0.173498
0.239326
0.935606
0.913511
0.113712
0.925413
0.347575
0.579974
0.0565203
0.322886
0.0472121
0.769219
0.75988
0.206153
0.82342
0.53032
0.425306
0.542314
0.286386
0.215278
0.918332
0.387707
0.813074
0.160558
0.759697
0.686514
0.91821
0.761986
0.856502
0.906522
0.462478
0.103977
0.514878
0.552782
0.203894
0.399121
0.264657
0.53267
0.830653
0.0061037
0.693533
0.146123
0.173528
0.171331
0.281198
0.927244
0.151128
0.396527
0.10474
0.58858
0.693503
0.136692
0.795801
0.198187
0.995575
0.612659
0.55562
0.431562
0.186193
0.627979
0.878719
0.643635
0.795007
0.359233
0.43788
0.188086
0.689688
0.953581
0.687002
0.168889
0.0172735
0.573229
0.459609
0.575182
0.0133061
0.481857
0.409772
0.154118
0.993378
0.615131
0.576373
0.440413
0.670064
0.591449
0.505417
0.597156
0.753136
0.538774
0.725364
0.990814
0.913388
0.557146
0.579882
0.386608
0.0780969
0.788079
0.513871
0.737144
0.539262
0.518784
0.353374
0.382275
0.43675
0.797601
0.521836
0.987884
0.177435
0.722007
0.61034
0.626545
0.891415
0.842708
0.83517
0.694082
0.564531
0.0763878
0.991791
0.487625
0.647359
0.566851
0.916837
0.862331
0.180639
0.140751
0.497787
0.591205
0.11362
0.0583819
0.29664
0.223334
0.551286
0.790246
0.421979
0.321482
0.715567
0.904416
0.445326
