0.967345
0.392163
0.724967
0.716025
0.76632
0.335856
0.477859
0.160253
0.719382
0.0489212
0.0789819
0.68337
0.624989
0.571429
0.658162
0.952269
0.197333
0.00216681
0.534135
0.962645
0.0590533
0.407544
0.379742
0.439436
0.499985
0.563189
0.69158
0.875271
0.487472
0.116306
0.919919
0.454237
0.716208
0.389141
0.344127
0.541673
0.327769
0.776147
0.947264
0.505753
0.258644
0.312479
0.125767
0.599414
0.632038
0.121311
0.0820948
0.774926
0.084872
0.646321
0.698813
0.364513
0.582324
0.52327
0.451674
0.39198
0.800165
0.601032
0.0996734
0.602832
0.853572
0.0971709
0.142064
0.69509
0.650624
0.641102
0.771111
0.129276
0.418134
0.0473647
0.445784
0.891201
0.286966
0.230445
0.680288
0.118442
0.198981
0.326395
0.207129
0.250893
0.933378
0.990051
0.946776
0.220008
0.107639
0.231025
0.493912
0.208289
0.732871
0.390149
0.816004
0.928404
0.65276
0.925779
0.419782
0.0553911
0.312998
0.668142
0.642933
0.956145
0.385846
0.893765
0.248451
0.453444
0.401379
0.2978
0.261879
0.697287
0.0967742
0.282754
0.0558794
0.180456
0.941527
0.633198
0.0221259
0.120975
0.265481
0.115055
0.655873
0.804926
0.794427
0.709799
0.791314
0.945891
0.437056
0.777367
0.44789
0.242347
0.66274
0.305795
0.817377
0.871364
0.883755
0.815607
0.273629
0.497177
0.847835
0.917386
0.708396
0.580035
0.129063
0.140294
0.667745
0.480697
0.487289
0.738609
0.719047
0.500168
0.463027
0.864162
0.854091
0.16187
0.129246
0.451918
0.899594
0.890408
0.667531
0.331736
0.464431
0.530106
0.155553
0.0893582
0.304331
0.654592
0.91525
0.725394
0.751518
0.610553
0.0881985
0.787591
0.770501
0.14713
0.462844
0.693533
0.412488
0.156652
0.0230415
0.733055
0.628712
0.0643025
0.592975
0.914853
0.37373
0.534227
0.361126
0.0769372
0.689718
0.373363
0.779473
0.158086
0.988006
0.615833
0.830866
0.576495
0.633839
0.431837
0.855251
0.421918
0.712088
0.362255
0.761528
0.298959
0.883175
0.441359
0.723563
0.479263
0.375683
0.98941
0.860469
0.941618
0.529649
0.653371
0.193976
0.412976
0.524247
0.722465
0.809473
0.742363
0.315317
0.0640889
0.323801
0.218085
0.717429
0.187933
0.316843
0.757042
0.322336
0.546281
0.385174
0.581835
0.94055
0.523057
0.785699
0.0310373
0.753014
0.816553
0.876492
0.500931
0.52855
0.678335
0.337809
0.282937
0.691549
0.903104
0.935972
0.596301
0.525803
0.966186
0.946989
0.562914
0.19425
0.506241
0.609668
0.317392
0.144536
0.399365
0.408277
0.945219
0.760735
0.83285
0.326151
0.709403
0.711264
0.44145
0.592792
0.388928
0.000488296
0.771661
0.609912
0.0708945
0.196509
0.106174
0.729698
0.191412
0.875515
0.304849
0.436995
0.0856655
0.940001
0.393628
0.523423
0.407331
0.790796
0.637501
0.0233161
0.25663
0.616474
0.212531
0.0115665
0.407025
0.759453
0.415662
0.28016
0.596881
0.904721
0.632008
0.382977
0.810663
0.0228889
0.325449
0.852504
0.309885
0.42613
0.812769
0.329173
0.837336
0.0803247
0.352702
0.471328
0.11539
0.37141
0.444594
0.148503
0.54677
0.964995
0.178564
0.327647
0.385327
0.566973
0.559862
0.773034
0.865902
0.151921
0.383984
0.377178
0.970244
0.568316
0.718253
0.850337
0.445631
0.272927
0.34901
0.576922
0.767418
0.503861
0.230811
0.757439
0.132694
0.559374
0.67748
0.851253
0.784051
0.817011
0.454421
0.239448
0.704764
0.143498
0.373119
0.606372
0.755638
0.30781
0.255409
0.855159
0.490463
0.601581
0.326701
0.501267
0.11829
0.368816
0.735374
0.097293
0.0708029
0.904996
0.488296
0.383435
0.266335
0.0845668
0.978423
0.614154
0.227668
0.729392
0.647603
0.783471
0.965941
0.698935
0.318552
0.996368
0.442976
0.929044
0.971923
0.177923
0.399762
0.151067
0.304422
0.403729
0.348704
0.327433
0.289285
0.341075
0.829676
0.0021363
0.736595
0.772668
0.0690024
0.54677
0.604022
0.810236
0.281838
0.601184
0.586749
0.612476
0.219275
0.279794
0.41493
0.785699
0.563982
0.918943
0.575793
0.827815
0.28959
0.983215
0.567644
0.17951
0.190985
0.613025
0.0542619
0.488144
0.605548
0.645528
0.703909
0.876675
0.477401
0.186834
0.91467
0.278878
0.163182
0.875484
0.903745
0.497116
0.555406
0.247414
0.87579
0.968657
0.143071
0.590075
0.449416
0.431166
0.421155
0.106784
0.875668
0.931364
0.551866
0.41438
0.114719
0.316141
0.286508
0.75045
0.171514
0.390179
0.802698
0.320261
0.864009
0.7163
0.750481
0.753746
0.418256
0.267678
0.654286
0.52266
0.481368
0.232948
0.462874
0.655782
0.335917
0.19306
0.989502
0.139103
0.28544
0.129368
0.511612
0.734825
0.213813
0.369884
0.26722
0.166417
0.402326
0.348247
0.0359203
0.379009
0.611072
0.709891
0.0389416
0.183325
0.947539
0.35313
0.249092
0.635151
0.836634
0.609729
0.333079
0.68392
0.636677
0.569811
0.0217597
0.381207
0.529801
0.550096
0.715964
0.154485
0.29606
0.373455
0.721
0.6957
0.815699
0.44734
0.401929
0.302286
0.63979
0.758415
0.725333
0.443129
0.322794
0.764855
0.458937
0.565539
0.170995
0.93054
0.0173345
0.526505
0.0695822
0.65862
0.794244
0.158147
0.634877
0.319895
0.372814
0.835536
0.261605
0.79519
0.856502
0.864101
0.307169
0.391156
0.322184
1
0.0954314
0.00625629
0.0372631
0.254585
0.713858
0.671285
0.870693
0.00653096
0.751823
0.512803
0.297769
0.71041
0.130985
0.583636
0.672231
0.984863
0.271523
0.846034
0.148656
0.232948
0.855251
0.334117
0.614643
0.610279
0.68804
0.147771
0.373638
0.572558
0.585406
0.368725
0.54857
0.445998
0.916135
0.827052
0.989776
0.0113834
0.586322
0.543962
0.00674459
0.381298
0.138981
0.196112
0.707236
0.639027
0.54445
0.309275
0.609272
0.92169
0.126286
0.810511
0.509293
0.217231
0.802118
