0.356059
0.0178838
0.575213
0.303873
0.0245064
0.938658
0.639515
0.666829
0.63805
0.225715
0.653218
0.183966
0.796747
0.754479
0.0742821
0.268288
0.368633
0.937529
0.279824
0.975066
0.889218
0.526627
0.701132
0.478072
0.761773
0.710776
0.676229
0.170202
0.146947
0.798303
0.981842
0.856685
0.950041
0.800775
0.931974
0.43849
0.988342
0.814844
0.149266
0.77517
0.173467
0.966399
0.770684
0.4962
0.666738
0.661397
0.232246
0.638722
0.227851
0.361797
0.391034
0.0837733
0.875484
0.0331126
0.536973
0.381115
0.198279
0.553362
0.963988
0.562883
0.559435
0.696585
0.985961
0.326182
0.212928
0.374798
0.319132
0.548235
0.108554
0.0167241
0.308756
0.0827357
0.725974
0.969573
0.50441
0.197607
0.935026
0.094821
0.468581
0.370464
0.592792
0.646321
0.0428785
0.284921
0.901028
0.379498
0.262612
0.711234
0.0204779
0.553972
0.845668
0.553697
0.939116
0.65865
0.0167547
0.300516
0.335948
0.646199
0.28251
0.159948
0.582263
0.787652
0.00646992
0.160039
0.469161
0.352458
0.192022
0.683126
0.6339
0.529862
0.218421
0.403302
0.525071
0.722983
0.0386059
0.0831629
0.451613
0.448164
0.568316
0.317484
0.335124
0.762902
0.728141
0.641316
0.343883
0.480728
0.893277
0.0938749
0.169988
0.948332
0.0759301
0.0089114
0.207556
0.287851
0.0702841
0.20896
0.624531
0.33668
0.210669
0.856746
0.130924
0.658071
0.454482
0.633564
0.0476699
0.215186
0.972808
0.915372
0.460158
0.403363
0.0069277
0.0771813
0.297708
0.735801
0.87112
0.964293
0.776299
0.952269
0.692434
0.760125
0.62624
0.493942
0.632801
0.433393
0.123295
0.622028
0.279977
0.658437
0.488083
0.95172
0.663472
0.709464
0.051149
0.55092
0.627338
0.83697
0.0294198
0.820643
0.189611
0.747093
0.821375
0.614429
0.907468
0.31312
0.553117
0.66744
0.14832
0.612842
0.620777
0.833644
0.76101
0.691244
0.337382
0.970733
0.29722
0.250282
0.970061
0.700522
0.429945
0.812677
0.306925
0.0630512
0.0848415
0.0986969
0.365825
0.402936
0.21015
0.196509
0.940703
0.955992
0.172735
0.585376
0.949919
0.71633
0.264016
0.555467
0.389111
0.603015
0.701498
0.293558
0.439314
0.841517
0.811274
0.936583
0.788354
0.0665304
0.228553
0.0440077
0.871151
0.0945463
0.897916
0.259163
0.490799
0.244667
0.650075
0.158635
0.66628
0.431104
0.56737
0.954619
0.871029
0.65865
0.113163
0.770043
0.269967
0.0176092
0.213019
0.768273
0.311838
0.574664
0.813044
0.4626
0.958586
0.00573748
0.258217
0.743492
0.521653
0.956908
0.743522
0.645009
0.420423
0.153356
0.755364
0.208075
0.771508
0.00216681
0.23957
0.641011
0.971038
0.674154
0.559587
0.10773
0.146031
0.62624
0.553667
0.815302
0.247658
0.190283
0.817835
0.553575
0.229804
0.483932
0.722495
0.145207
0.850673
0.664357
0.150121
0.996887
0.867489
0.823115
0.295022
0.548357
0.418348
0.261818
0.783349
0.285836
0.554308
0.411267
0.0698263
0.103641
0.528581
0.831141
0.402539
0.788141
0.716849
0.412671
0.830897
0.523148
0.919095
0.771111
0.29725
0.517472
0.646718
0.145207
0.685263
0.725639
0.342082
0.845363
0.488235
0.274789
0.218116
0.352245
0.169866
0.510819
0.355052
0.115513
0.989044
0.911313
0.754479
0.217444
0.00128178
0.804041
0.847377
0.597156
0.0740074
0.599353
0.53853
0.869442
0.880825
0.103885
0.667135
0.738823
0.416089
0.616047
0.805231
0.709983
0.768242
0.822993
0.870907
0.740318
0.204169
0.558702
0.762139
0.000701926
0.58861
0.710196
0.559801
0.903989
0.842524
0.229377
0.187445
0.96466
0.101535
0.813715
0.1948
0.578143
0.508194
0.753166
0.161596
0.194769
0.715842
0.994232
0.855678
0.261849
0.379711
0.118686
0.780145
0.176183
0.721671
0.504593
0.322031
0.0122684
0.784234
0.105655
0.782434
0.443342
0.410474
0.942015
0.01236
0.557848
0.365276
0.0444655
0.343883
0.953459
0.0954619
0.560381
0.422987
0.906186
0.90933
0.387829
0.865688
0.200873
0.645985
0.46437
0.810633
0.0945769
0.78103
0.529527
0.536241
0.359508
0.223975
0.979186
0.938688
0.600146
0.45555
0.0574969
0.553575
0.784265
0.231239
0.566393
0.713736
0.802301
0.593738
0.302072
0.927946
0.178014
0.20484
0.772942
0.933531
0.529832
0.1283
0.561418
0.845119
0.222602
0.236274
0.358287
0.46382
0.310862
0.952879
0.651631
0.964843
0.733085
0.402112
0.344035
0.301767
0.564043
0.760643
0.564501
0.27311
0.615101
0.279489
0.756127
0.937742
0.895901
0.39198
0.215583
0.449538
0.983154
0.433393
0.0190435
0.953124
0.760216
0.681509
0.420026
0.257942
0.406629
0.0906095
0.0157476
0.582507
0.733146
0.95645
0.178381
0.41438
0.802301
0.988556
0.328837
0.830836
0.359813
0.857021
0.837367
0.555101
0.519974
0.669912
0.398938
0.102634
0.730522
0.00747703
0.197851
0.029664
0.97409
0.208258
0.721763
0.56032
0.31196
0.278756
0.255226
0.0273141
0.00244148
0.574755
0.00833155
0.263894
0.607807
0.564348
0.832026
0.10477
0.870418
0.562944
0.44499
0.324351
0.245277
0.882504
0.398389
0.486679
0.0136113
0.956236
0.59798
0.335704
0.18067
0.155675
0.583819
0.599933
0.113895
0.614002
0.204413
0.926725
0.447371
0.883908
0.181097
0.932829
0.627827
0.573382
0.747917
0.765343
0.728721
0.304178
0.595935
0.371166
0.683035
0.821741
0.303415
0.746696
0.151158
0.872555
0.425245
0.163182
0.733238
0.928953
0.954772
0.907926
0.764824
0.440046
0.665029
0.511032
0.691214
0.140721
0.469283
0.919584
0.0637837
0.628437
0.479995
0.970153
0.675771
0.989349
0.546251
0.579913
0.607715
0.467208
0.367168
0.658589
0.652394
0.0917997
0.252297
0.0647298
0.402448
0.339122
0.987976
0.285836
0.654012
0.0456557
0.882412
0.945769
0.966216
0.77398
0.974212
0.696616
0.291482
0.83929
0.210303
