0.368725
0.986206
0.970946
0.079989
0.690756
0.366802
0.962767
0.298532
0.10126
0.0199896
0.835841
0.769677
0.965606
0.0672323
0.734642
0.575243
0.56737
0.672964
0.51204
0.811426
0.6274
0.589618
0.363018
0.148503
0.637715
0.805902
0.853298
0.316324
0.838008
0.170446
0.315165
0.198065
0.717032
0.204382
0.632954
0.70571
0.41023
0.630085
0.986785
0.0798975
0.691946
0.505325
0.50206
0.252571
0.327128
0.219764
0.839961
0.00817896
0.388836
0.252113
0.824305
0.81109
0.0332347
0.326975
0.56798
0.515366
0.879727
0.290536
0.457106
0.798486
0.451125
0.373424
0.53325
0.560076
0.182531
0.689322
0.234046
0.232856
0.139561
0.390698
0.693258
0.534715
0.341563
0.844874
0.107303
0.857051
0.191534
0.628834
0.815485
0.0473342
0.306742
0.0988495
0.391461
0.164129
0.949126
0.41377
0.528367
0.101657
0.193884
0.186499
0.163854
0.548601
0.345866
0.954436
0.455397
0.385723
0.541398
0.153722
0.454146
0.734092
0.307962
0.959929
0.306314
0.0814539
0.984802
0.605182
0.600726
0.757653
0.762932
0.378765
0.974334
0.323466
0.972381
0.985656
0.450209
0.10303
0.666372
0.415815
0.392102
0.884091
0.668447
0.73513
0.739799
0.401288
0.81521
0.280282
0.864895
0.709372
0.562426
0.194189
0.99884
0.684286
0.0814539
0.554765
0.0800501
0.471358
0.685781
0.418531
0.614856
0.181036
0.895627
0.340098
0.676229
0.277627
0.911496
0.809778
0.32017
0.813074
0.365947
0.241493
0.190222
0.884915
0.986389
0.525346
0.0913724
0.757805
0.483016
0.704947
0.327219
0.13242
0.0963164
0.762291
0.882015
0.932524
0.143956
0.244545
0.773217
0.088229
0.592547
0.108951
0.978332
0.0265511
0.935728
0.225593
0.878353
0.458174
0.741417
0.179266
0.470107
0.621693
0.254219
0.434309
0.595599
0.95706
0.828181
0.635792
0.982971
0.42729
0.711081
0.24958
0.86755
0.153081
0.67394
0.595264
0.557115
0.456099
0.483077
0.453108
0.260018
0.457656
0.0459304
0.949126
0.566485
0.110019
0.422407
0.802087
0.834895
0.351054
0.930143
0.0745872
0.815638
0.745903
0.351085
0.73162
0.819422
0.0814844
0.605213
0.169683
0.528398
0.578234
0.00930815
0.364544
0.00210578
0.509934
0.551683
0.828089
0.376965
0.725303
0.178076
0.88757
0.0339366
0.782495
0.865871
0.0154729
0.0913419
0.365215
0.66039
0.0423597
0.171178
0.521226
0.32551
0.520524
0.360302
0.260384
0.633198
0.653981
0.0241096
0.925932
0.613208
0.763573
0.316996
0.895993
0.335551
0.975799
0.371563
0.713736
0.422895
0.800562
0.623005
0.850887
0.932157
0.86285
0.377544
0.763573
0.442854
0.509781
0.644856
0.696402
0.0443129
0.211859
0.778954
0.943541
0.36607
0.0305185
0.348125
0.37431
0.191504
0.495102
0.327219
0.220679
0.469558
0.865017
0.319041
0.307291
0.57329
0.799768
0.988678
0.449873
0.529557
0.426832
0.416944
0.825831
0.967834
0.42204
0.47383
0.0601215
0.561296
0.441939
0.426527
0.0641804
0.223945
0.0661336
0.169988
0.0588092
0.0650349
0.381695
0.792169
0.412336
0.541795
0.0357982
0.547075
0.0288095
0.000701926
0.487533
0.106479
0.43788
0.50856
0.434492
0.372478
0.788781
0.735832
0.605426
0.806513
0.571123
0.97174
0.0137028
0.561754
0.651448
0.604419
0.457045
0.854122
0.714347
0.598743
0.287851
0.681387
0.903439
0.0995209
0.474899
0.612354
0.367779
0.492203
0.667348
0.87759
0.560259
0.243995
0.284799
0.646138
0.0524003
0.112156
0.0687582
0.222419
0.406262
0.609088
0.795221
0.925504
0.515946
0.722404
0.47322
0.854122
0.822016
0.0836818
0.23719
0.926237
0.281838
0.673879
0.765343
0.727103
0.769646
0.210028
0.387036
0.274453
0.237403
0.575793
0.85577
0.828303
0.536576
0.908017
0.264626
0.281411
0.844172
0.352184
0.968352
0.4626
0.623707
0.101932
0.660573
0.624683
0.139042
0.572253
0.829157
0.151036
0.824061
0.131993
0.934172
0.0979339
0.358715
0.0607013
0.719108
0.119999
0.953948
0.434767
0.470504
0.853389
0.327158
0.140355
0.723899
0.701315
0.593158
0.987365
0.416456
0.468429
0.327342
0.28309
0.779778
0.150212
0.572375
0.619587
0.951262
0.761223
0.522233
0.565569
0.498611
0.333476
0.914151
0.685476
0.396344
0.959655
0.304483
0.559465
0.211097
0.0898465
0.0593585
0.808039
0.762932
0.958708
0.917875
0.286508
0.463576
0.522904
0.696219
0.640675
0.495468
0.199072
0.633198
0.940825
0.97467
0.786706
0.837428
0.855586
0.325114
0.984405
0.909543
0.0369274
0.929044
0.197913
0.449049
0.750511
0.8605
0.483383
0.383862
0.154424
0.327555
0.877499
0.659261
0.0489212
0.362194
0.462661
0.253212
0.178869
0.691702
0.00640889
0.71865
0.283456
0.583789
0.223182
0.581225
0.0356761
0.558275
0.239875
0.543657
0.846095
0.795129
0.682119
0.0853603
0.474624
0.0193793
0.613636
0.0836207
0.0302133
0.127873
0.764641
0.58739
0.275887
0.345408
0.673788
0.296274
0.787927
0.0604572
0.731834
0.237526
0.70452
0.764641
0.062685
0.634846
0.0495621
0.245857
0.771233
0.373913
0.624592
0.747459
0.899686
0.561602
0.192755
0.269021
0.243507
0.0606098
0.492325
0.0816981
0.368725
0.814264
0.326914
0.640339
0.415601
0.577136
0.944365
0.782678
0.573504
0.0563066
0.0503555
0.729606
0.00723289
0.9935
0.166906
0.717246
0.866512
0.614215
0.128941
0.817682
0.0662252
0.0787988
0.721641
0.613147
0.744072
0.832545
0.909543
0.494156
0.973449
0.31077
0.0177007
0.458052
0.229255
0.323008
0.0448012
0.0955535
0.798395
0.746178
0.359447
0.414899
0.00665304
0.295358
0.2884
0.382946
0.857051
0.44554
0.526475
0.906949
0.300851
0.542009
0.522782
0.275796
0.86758
0.968108
0.665181
0.143101
0.48558
0.243385
0.953825
0.677023
0.702902
0.927763
0.458357
0.942564
0.334208
0.785241
0.267037
0.990783
0.0783715
0.96939
