0.745232
0.260109
0.778436
0.984039
0.886074
0.811121
0.259438
0.895749
0.527299
0.775719
0.79165
0.13657
0.745659
0.0668355
0.933317
0.140446
0.639058
0.475723
0.959563
0.369121
0.132145
0.239174
0.41847
0.567125
0.446852
0.313028
0.78338
0.412244
0.717887
0.869655
0.0668966
0.0886868
0.010773
0.00262459
0.166967
0.0724509
0.339488
0.0195318
0.876797
0.866909
0.720573
0.661306
0.696127
0.222388
0.184393
0.0212714
0.184362
0.833003
0.442732
0.191504
0.0195013
0.445998
0.0937529
0.154393
0.757714
0.306894
0.892575
0.984588
0.335154
0.0712912
0.938566
0.465621
0.389996
0.311197
0.27369
0.265267
0.574969
0.215461
0.457442
0.882015
0.899228
0.990936
0.435011
0.999969
0.86874
0.546678
0.704123
0.876247
0.8211
0.685293
0.203711
0.905362
0.622395
0.852535
0.0273141
0.00561541
0.954436
0.585131
0.0184027
0.0690939
0.668447
0.509201
0.575274
0.247536
0.568163
0.988098
0.225806
0.941435
0.009888
0.0364391
0.239143
0.500931
0.19187
0.389813
0.846004
0.992462
0.417035
0.392956
0.203711
0.565203
0.395795
0.990204
0.928648
0.785821
0.0920133
0.421766
0.931486
0.736259
0.670156
0.513535
0.453993
0.807703
0.311411
0.350841
0.049379
0.982299
0.701041
0.386975
0.000579852
0.222724
0.521622
0.0289926
0.994385
0.0538041
0.927488
0.909177
0.783197
0.653645
0.256294
0.714469
0.592669
0.0979949
0.77105
0.776116
0.950407
0.924558
0.664968
0.680166
0.370891
0.858272
0.871761
0.181768
0.667165
0.92935
0.187536
0.669149
0.034608
0.690481
0.091464
0.85876
0.614734
0.896786
0.544176
0.061861
0.693197
0.78161
0.00350963
0.879391
0.72689
0.858058
0.905698
0.963713
0.309061
0.835688
0.155705
0.710776
0.0939055
0.752678
-1.90868
0.937742
0.301889
0.742882
0.761345
0.557268
0.857814
0.0939665
0.811853
0.456862
0.579577
0.296121
0.47029
0.490219
0.669179
0.571764
0.702322
-19.5372
0.620899
0.594775
0.471999
0.576525
0.74865
-10.2111
-9.99004
0.0409558
0.560289
0.280801
0.659322
0.912625
0.638203
0.546464
-1.98567
0.558489
0.887753
0.363292
0.676504
0.331065
0.43611
0.448073
0.0606403
0.0793786
-24.5779
0.346843
0.00140385
0.137181
0.601856
0.868801
0.0700705
0.380322
0.299234
0.567766
0.261727
0.61092
0.0933561
0.925687
0.264809
0.237526
0.633747
0.842677
0.811518
0.036256
0.0719932
0.0619831
0.869015
0.250618
0.918302
0.888119
0.348643
0.45143
0.864467
0.951262
0.270028
0.578173
-9.74998
0.834681
0.390027
0.670156
0.924833
0.306314
0.163823
0.343699
0.0907926
0.682028
0.200171
0.181616
0.644765
0.247841
0.942961
0.159093
0.883999
0.957549
0.0447401
0.247047
0.31843
-19.707
0.0168157
0.62093
0.55855
0.610767
0.260567
0.85287
0.179205
0.0924101
0.832118
0.742821
0.668142
0.203711
0.785485
0.256172
0.972839
0.335612
0.459975
0.0776391
0.51561
0.704031
0.800073
0.42317
0.295938
0.119358
0.809046
0.857479
0.832698
0.238014
0.65804
0.481399
0.388134
0.735923
0.262581
0.536241
0.758507
0.957213
0.0676595
0.337596
0.598071
0.733177
0.912992
-19.9168
0.896329
0.988403
0.958708
0.610981
0.638417
0.97702
0.305155
0.71746
0.575671
0.856227
0.919858
0.35548
0.358562
0.913602
0.178777
0.716483
0.871273
0.0501724
0.553148
0.456313
0.237556
0.259438
0.768731
0.350505
0.112613
0.865841
0.848292
0.0109867
0.00512711
0.287942
0.65453
0.621052
0.341288
0.0707724
0.19483
0.0500198
0.193091
0.140049
0.860103
0.978088
0.0110477
0.493576
0.872127
0.658437
0.284341
0.829341
0.294137
0.691458
0.38084
0.0767235
0.0728782
0.93289
0.889798
0.797601
0.728904
0.778191
0.484542
0.269204
0.200171
0.935942
0.50914
0.963317
0.494675
0.911435
0.716422
0.950499
0.346782
0.603442
0.899106
0.484695
0.327708
0.688772
0.466964
0.215125
0.162786
0.648152
0.223151
0.462935
0.272866
0.134922
0.141514
0.737114
0.251747
0.631886
0.299356
0.866054
0.292734
0.337016
0.0658589
0.283151
0.782617
0.0271615
0.787042
0.0745262
0.89407
0.16773
0.900021
0.241615
0.894986
0.0574053
0.252174
0.966186
0.970336
0.86697
0.44023
0.637989
0.881619
0.121586
0.57448
0.463546
0.952483
0.950438
0.58269
-2.74098
0.509842
0.23722
0.769402
0.539079
0.916868
0.565111
0.521775
0.410688
0.846461
0.2837
0.443739
0.150731
0.603687
0.962523
0.831477
0.11887
0.567644
0.392804
0.770562
0.722648
0.245399
0.856136
0.482742
0.536332
0.0806604
0.618519
0.241829
0.654073
0.188971
0.516831
0.620106
0.365947
0.681845
0.0726951
0.556352
0.474441
0.359905
0.816095
0.87582
0.321299
0.921995
0.698935
0.227515
0.446516
-24.4464
0.859828
0.353771
0.300119
0.243629
0.667348
0.780908
0.749474
0.686422
0.721824
0.261574
0.0521561
0.616016
0.132115
0.279366
0.682607
0.312998
0.344462
0.035432
0.853206
0.248451
0.418226
0.102756
0.720664
0.148503
0.8876
0.805536
0.213935
0.000427259
0.383831
0.593402
0.532456
0.921995
0.945921
0.842463
0.98822
0.682638
0.909482
0.750969
0.0952177
0.492203
0.466567
0.472976
0.567949
0.143651
0.541337
0.843013
0.634266
0.08652
0.0887478
0.115757
0.63506
0.905942
0.754173
0.631977
0.989837
0.261696
0.629383
0.0356151
0.956938
0.425977
0.794275
0.260109
0.909543
0.964415
0.556322
-24.3803
0.21305
0.432691
0.164159
0.398602
0.861782
0.967437
0.950804
0.013947
0.842189
0.936155
0.369579
0.403638
0.828455
0.412214
0.308115
0.396954
0.734581
0.890011
0.0835902
0.580462
0.572405
0.961791
0.613208
0.799158
0.668691
0.275765
0.122929
0.556475
0.089053
0.16242
0.269509
0.495712
0.442518
0.295633
0.487747
0.613086
0.338145
0.121403
0.949126
0.497696
0.154302
0.256722
0.708152
0.46437
0.31019
0.858699
0.17655
