0.529405
0.482681
0.659719
0.458022
0.599048
0.133366
0.876217
0.610004
0.32136
0.253182
0.103732
0.494339
0.996765
0.721824
0.572832
0.335521
0.0321665
0.620899
0.532121
0.720176
0.898953
0.0393689
0.960692
0.479232
0.519059
0.340953
0.951598
0.698202
0.349193
0.0251167
0.938688
0.0133976
0.441633
0.486587
0.0452284
0.453871
0.725578
0.102329
0.611927
0.787652
0.295053
0.113559
0.285318
0.0118107
0.269417
0.522141
0.693014
0.440596
0.684408
0.810999
0.79928
0.838649
0.470168
0.436171
0.175146
0.460799
0.897916
0.101596
0.0623493
0.361797
0.0136418
0.603198
0.0239875
0.204535
0.246406
0.572619
0.346385
0.112918
0.730766
0.790613
0.845027
0.11536
0.309336
0.993133
0.0713828
0.317637
0.997681
0.312601
0.743278
0.69161
0.444075
0.182684
0.824488
0.435163
0.415082
0.383496
0.431013
0.486801
0.401715
0.0184942
0.349773
0.366161
0.310923
0.301401
0.303842
0.864376
0.999969
0.833277
0.626392
0.218085
0.211249
0.430158
0.200049
0.697592
0.178472
0.112278
0.320475
0.667165
0.999878
0.877407
0.862911
0.368114
0.415693
0.20191
0.959227
0.216071
0.17127
0.232551
0.941618
0.508682
0.369732
0.767327
0.646077
0.294961
0.636494
0.626331
0.532029
0.875332
0.642933
0.226844
0.388287
0.399335
0.10303
0.797784
0.177618
0.383007
0.502884
0.0609149
0.946043
0.750328
0.173864
0.162816
0.929044
0.794183
0.950591
0.101962
0.813318
0.305765
0.539445
0.34373
0.486679
0.607685
0.804834
0.498886
0.0123905
0.316874
0.414258
0.215674
0.437971
0.461989
0.116886
0.573107
0.487411
0.0905484
0.761803
0.754601
0.00628681
0.645375
0.674856
0.458876
0.842555
0.966063
0.858974
0.422987
0.253609
0.123844
0.922575
0.21366
0.103244
0.327616
0.446791
0.834712
0.0218818
0.162847
0.156316
0.848903
0.00207526
0.568865
0.223792
0.320444
0.923093
0.275033
0.962188
0.412488
0.862453
0.831837
0.805078
0.569628
0.783197
0.993591
0.461348
0.11359
0.983154
0.982238
0.472427
0.887875
0.623737
0.335398
0.437849
0.209449
0.491287
0.0146184
0.40257
0.725974
0.918607
0.248909
0.842036
0.79165
0.23542
0.355388
0.877889
0.0911893
0.765404
0.822932
0.401715
0.581103
0.116947
0.36549
0.808954
0.125797
0.701895
0.164556
0.291055
0.768761
0.288278
0.125736
0.562151
0.920957
0.413099
0.0334483
0.78457
0.328562
0.0643941
0.0900906
0.294046
0.138371
0.440901
0.62862
0.411756
0.216498
0.331675
0.618976
0.0466933
0.171667
0.751885
0.90054
0.0509964
0.492691
0.917264
0.236335
0.562487
0.97
0.661031
0.134159
0.490768
0.592822
0.602771
0.427992
0.236152
0.565447
0.00756859
0.321482
0.313639
1.32468
0.524674
0.435316
0.217231
0.521409
0.646687
0.674367
0.260598
0.75753
0.399335
0.709891
0.267922
0.132237
0.29664
0.475173
0.119785
0.42732
0.336589
0.369243
0.777886
0.706595
0.257607
0.772576
0.621815
0.954924
0.724509
0.487777
0.438978
0.0646992
0.321268
0.11185
0.797357
0.94998
0.658803
0.81576
0.906369
0.998383
0.183325
0.319742
0.506699
0.0967742
0.301492
0.895895
0.953703
0.981109
0.20014
0.153386
0.696371
0.928739
0.0569781
0.903226
0.148137
0.895993
0.880428
0.986755
0.0553911
0.688192
0.343211
0.0709555
0.948454
0.0687277
0.474075
0.911557
0.950316
0.963256
0.917081
0.250008
0.122379
0.672262
0.805048
0.863521
0.740471
0.146153
0.716239
0.223579
0.498337
0.234016
0.144169
0.633015
0.0401929
0.47322
0.201819
0.280892
0.111576
0.437696
0.867824
0.126102
0.820521
0.820368
0.375042
0.148289
0.402448
0.00616474
0.993683
0.0980865
0.713034
0.699271
0.901517
0.0901822
0.173376
0.671346
0.0705283
0.530656
0.768456
0.478866
0.544511
0.907834
0.212012
0.991607
0.998474
0.100589
0.00369274
0.63332
0.324778
0.291635
0.631031
0.437056
0.802301
0.56325
0.881924
0.605426
0.593616
0.293527
0.315317
0.712394
0.0461745
0.954161
0.15363
0.647328
0.85287
0.655477
0.30137
0.849239
0.518387
0.362896
0.867885
0.788781
0.419172
0.0323496
0.00717185
0.0917692
0.646748
0.942442
0.35786
0.672964
0.827631
0.783624
0.361919
0.128452
0.871548
0.304453
0.657277
0.0802026
0.391034
0.846919
0.944731
0.288675
0.963134
0.599872
0.923795
0.0195318
0.227851
0.133641
0.753624
0.0456557
0.361126
0.985382
0.540941
0.999359
0.0562761
0.546251
0.946471
0.841487
0.544786
0.548784
0.102817
0.542497
0.824488
0.135502
0.959685
0.00854518
0.0846889
0.806818
0.145085
0.102756
0.480575
0.00253304
0.929716
0.780053
0.559801
0.470199
0.797418
0.431623
0.0598468
0.933409
0.0932951
0.132939
0.551561
0.192206
0.291299
0.104373
0.797198
0.472121
0.266518
0.516861
0.0963775
0.69097
0.734764
0.82046
0.0672933
0.508133
0.0660726
0.342235
0.933683
0.950285
0.746574
0.839534
0.311014
0.0232856
0.816218
0.0593585
0.692343
0.578143
0.210791
0.782861
0.391705
0.402661
0.932737
0.627155
0.882168
0.575884
0.689505
0.690786
0.799097
0.0587481
0.0541093
0.883877
0.0341502
0.584643
0.517045
0.289712
0.425886
0.706442
0.184301
0.220344
0.117191
0.397107
0.532243
0.711417
0.927915
0.0610675
0.65978
0.751274
0.930326
0.490249
0.763756
0.908017
0.866085
0.58858
0.860836
0.954711
0.097232
0.918516
0.0869472
0.412305
0.77575
0.856624
0.472268
0.276742
0.465804
0.391736
0.564928
0.131474
0.880276
0.675527
0.590106
0.763115
0.730186
0.0685751
0.587146
0.693228
0.598315
0.1442
0.608051
0.630726
0.545335
0.396344
0.617542
0.146062
0.0985138
0.0587787
0.368511
0.29429
0.0683615
0.816187
0.789972
0.923887
0.0613727
0.584674
0.551683
0.261757
0.263131
0.0438246
0.250465
0.816858
0.0651265
0.820948
0.557665
0.134495
0.0812403
0.121067
0.147343
0.140599
0.598224
0.0840785
