0.480575
0.0140385
0.751488
0.677908
0.7434
0.283578
0.550218
0.210578
0.976135
0.569292
0.454207
0.0685446
0.0176397
0.455153
0.671255
0.415082
0.754479
0.552721
0.717246
0.957488
0.351024
0.660939
0.523484
0.594226
0.779138
0.366344
0.551317
0.578112
0.517502
0.316782
0.215949
0.618
0.519669
0.211188
0.374676
0.684194
0.959655
0.269295
0.558306
0.63036
0.573412
0.271859
0.700369
0.624226
0.589679
0.249733
0.217048
0.620533
0.543565
0.560594
0.125309
0.255654
0.0404065
0.996155
0.580309
0.940336
0.196356
0.998566
0.11066
0.752922
0.742546
0.824885
0.325907
0.488388
3.05185e-05
0.235878
0.895016
0.0401318
0.0483718
0.509842
0.165838
0.196081
0.359935
0.72216
0.860134
0.629597
0.738914
0.458296
0.149358
0.674215
0.657979
0.738243
0.284005
0.280984
0.305826
0.958037
0.298471
0.607471
0.340831
0.646168
0.97528
0.122501
0.932279
0.363933
0.629078
0.904386
0.29136
0.128086
0.543382
0.0191351
0.35371
0.321146
0.434034
0.672445
0.320963
0.509354
0.738914
0.569689
0.479324
0.943876
0.83639
0.0144047
0.199347
0.225715
0.475997
0.0713828
0.305277
0.185217
0.291208
0.376049
0.392346
0.369427
0.578784
0.416456
0.684957
0.195563
0.638997
0.204077
0.416883
0.0962249
0.450972
0.926939
0.696524
0.180517
0.146825
0.680349
0.488998
0.195654
0.77282
0.849025
0.547868
0.669698
0.0820643
0.62157
0.0376293
0.435316
0.630238
0.513352
0.743095
0.553178
0.581469
0.642506
0.523026
0.68981
0.200201
0.140996
0.531877
0.0869472
0.973571
0.689535
0.264138
0.109317
0.109684
0.169103
0.22309
0.835231
0.798334
0.55446
0.192785
0.291025
0.726829
0.233222
0.289163
0.92581
0.167547
0.927519
0.954253
0.788995
344.79
0.591968
0.377667
0.362804
0.212134
0.574694
0.231178
0.143529
0.629017
0.162603
0.297464
0.425794
0.29902
0.520035
0.9682
0.976135
0.712851
3329.69
0.550676
0.312021
0.202033
0.915281
0.203833
326.861
326.741
0.293954
0.33256
0.664571
0.726371
0.959746
0.940367
0.822474
344.704
0.758324
0.655232
0.438093
0.389233
0.795404
0.266243
0.305032
0.595843
0.646199
2999.43
0.27134
0.46733
0.917203
0.29487
0.958403
0.397778
0.731986
0.609577
0.0446181
0.424604
0.819666
0.894375
0.254219
0.588549
0.305887
0.784417
0.914243
0.69454
0.411756
0.0512101
0.642781
0.551378
0.764244
0.00396741
0.54149
0.354381
0.157506
0.421857
0.593249
0.92056
0.495773
327.255
0.252541
0.301584
0.888363
0.588794
0.295846
0.72161
0.468245
0.615497
0.279733
0.869869
0.129765
0.314066
0.931425
0.526109
0.937742
0.289041
0.942839
0.827723
0.0652181
0.105441
3329.63
0.261025
0.189276
0.663625
0.385205
0.29255
0.570025
0.523972
0.209021
0.343028
0.135899
0.408979
0.404401
0.0294198
0.575915
0.00830103
0.218909
0.430677
0.544969
0.365886
0.332377
0.634663
0.648427
0.0902432
0.499985
0.666005
0.837855
0.172399
0.875546
0.730399
0.612995
0.430403
0.167852
0.628193
0.804743
0.447096
0.940367
0.296884
0.523667
0.324778
0.279244
0.984222
3329.61
0.54326
0.732444
0.401532
0.85577
0.996063
0.195959
0.891293
0.486465
0.473464
0.505783
0.252998
0.406232
0.0785546
0.495346
0.569475
0.872524
0.87637
0.923093
0.17008
0.707572
0.290384
0.794946
0.0477004
0.0328379
0.101321
0.650502
0.850917
0.00350963
0.327403
0.414228
0.568712
0.002472
0.710471
0.35023
0.874966
0.247505
0.197058
0.0189215
0.706198
0.714713
0.439039
0.579272
0.590381
0.713981
0.337107
0.368603
0.509568
0.0586261
0.245521
0.0833766
0.0295419
0.198126
0.514603
0.848476
0.435286
0.158788
0.282327
0.403333
0.724906
0.552629
0.0677816
0.0944853
0.916227
0.88641
0.704917
0.321116
0.964232
0.0743736
0.891293
0.686911
0.583911
0.370678
0.651936
0.503647
0.229469
0.853206
0.992798
0.662099
0.973571
0.500626
0.137547
0.900357
0.390759
0.490371
0.37495
0.961303
0.296823
0.330332
0.581286
0.174718
0.39433
0.0639363
0.473067
0.708182
0.0756859
0.810785
0.860134
0.697806
0.513169
0.791406
0.24958
0.518632
0.333842
0.669454
0.672842
0.45848
0.624775
0.628742
0.924802
0.979583
0.263253
0.0831324
0.214179
344.291
0.703513
0.556108
0.62392
0.754784
0.064272
0.301492
0.767632
0.423658
0.965789
0.0177313
0.736381
0.121677
0.535661
0.99826
0.988617
0.274148
0.995148
0.54149
0.390515
0.009888
0.448866
0.920347
0.390088
0.448225
0.570818
0.153264
0.527207
0.770226
0.120762
0.833888
0.607471
0.0424818
0.625843
0.00949126
0.554308
0.130039
0.390637
0.308359
0.33079
0.26252
0.840205
0.414167
0.633869
0.946135
2999.49
0.960692
0.773736
0.515763
0.952086
0.606372
0.965117
0.678915
0.407636
0.677786
0.0452895
0.86932
0.216712
0.855922
0.0981475
0.492203
0.54387
0.438734
0.718711
0.0731529
0.229621
0.190497
0.347728
0.237068
0.891079
0.510544
0.12067
0.232032
0.841426
0.112888
0.210608
0.246315
0.202155
0.515
0.768487
0.743584
0.0355235
0.422834
0.987976
0.889126
0.595599
0.373058
0.43379
0.774651
0.19071
0.930387
0.330607
0.335856
0.208258
0.328349
0.0547807
0.0928068
0.00369274
0.0888089
0.72161
0.475173
0.95291
0.176763
0.557878
0.346538
0.719779
0.349254
0.0551775
0.0658895
0.764275
0.218879
2999.86
0.928739
0.483413
0.0855739
0.376354
0.0495621
0.322092
0.955504
0.640858
0.71984
0.850887
0.501297
0.705557
0.729331
0.708457
0.318522
0.464187
0.586352
0.948485
0.457045
0.360179
0.614307
0.461776
0.598743
0.562517
0.270638
0.35493
0.542344
0.555834
0.715171
0.644642
0.52147
0.114566
0.167028
0.791436
0.876064
0.748222
0.0899686
0.0128788
0.150761
0.542467
0.937742
0.230934
0.620533
0.859676
0.448683
0.139866
0.396466
